1
6
15
16
18
19
20
22
24
26
28
30
33
45
57
66
72
73
77
80
85
90
93
97
114
121
122
135
136
153
154
170
185
186
202
205
210
223
232
237
239
245
249
253
263
267
269
322
329
338
339
387
392
396
397
400
427
440
457
467
479
486
532
534
535
552
569
721
790
801
813
846
849
853
861
877
889
890
918
934
957
962
967
996
1000
1088
1142
1172
1210
1425
1453
1470
1482
1486
1519
1530
1535
1559
1571
1575
1594
1604
1735
1818
1827
1887
1889
1974
